9
10
2
5

0 400 400 999999 999999 999999 999999 300 400
400 0 200 999999 999999 999999 999999 999999 500
400 200 0 200 999999 999999 999999 999999 999999
999999 999999 200 0 999999 999999 999999 999999 450
999999 999999 999999 999999 0 300 999999 999999 999999
999999 999999 999999 999999 300 0 450 640 999999
999999 999999 999999 999999 999999 450 0 200 999999
300 999999 999999 999999 999999 640 200 0 250
400 500 999999 450 999999 999999 999999 250 0

0 1
2 40

1 2
2 25
1 20

2 1
3 30

3 2
1 40
8 40

4 1
4 30

5 2
4 15
5 15

6 1
5 10

7 2
5 25
6 25

8 1
6 25

9 2
7 20
6 40