50
100
5
30

93

0 1 120
0 2 180
0 3 150
0 4 200
0 5 250
1 2 90
2 3 80
3 4 110
4 5 95
5 6 100
6 7 120
7 8 140
8 9 100
9 10 130
10 11 90
11 12 80
12 13 100
13 14 120
14 15 110
15 16 130
16 17 90
17 18 140
18 19 100
19 20 120
20 21 80
21 22 110
22 23 90
23 24 130
24 25 100
25 26 120
26 27 90
27 28 140
28 29 100
29 30 120
30 31 90
31 32 100
32 33 130
33 34 110
34 35 90
35 36 120
36 37 140
37 38 100
38 39 130
39 40 110
40 41 120
41 42 90
42 43 100
43 44 130
44 45 110
45 46 120
46 47 90
47 48 100
48 49 130
1 10 250
2 11 220
3 12 240
4 13 260
5 14 230
6 15 250
7 16 270
8 17 240
9 18 260
10 19 250
11 20 280
12 21 260
13 22 240
14 23 250
15 24 270
16 25 260
17 26 240
18 27 250
19 28 260
20 29 270
21 30 250
22 31 260
23 32 240
24 33 250
25 34 260
26 35 270
27 36 250
28 37 240
29 38 260
30 39 250
0 3 350
0 8 400
0 15 500
5 20 420
10 25 450
15 30 430
20 35 470
25 40 440
30 45 460
35 49 500


0 3
1 40
2 60
3 90

1 3
2 35
3 50
4 80

2 3
3 30
4 60
5 90

3 3
4 40
5 70
6 100

4 3
5 35
6 60
7 95

5 3
6 25
7 55
8 85

6 3
7 40
8 65
9 100

7 3
8 35
9 60
10 90

8 3
9 25
10 55
11 85

9 3
10 30
11 60
12 90

10 3
11 35
12 70
13 100

11 3
12 30
13 60
14 90

12 3
13 25
14 55
15 85

13 3
14 40
15 65
16 95

14 3
15 35
16 60
17 90

15 3
16 25
17 55
18 85

16 3
17 40
18 70
19 100

17 3
18 35
19 60
20 90

18 3
19 25
20 55
21 85

19 3
20 30
21 60
22 90

20 3
21 35
22 70
23 100

21 3
22 30
23 60
24 90

22 3
23 25
24 55
25 85

23 3
24 40
25 65
26 95

24 3
25 35
26 60
27 90

25 3
26 25
27 55
28 85

26 3
27 40
28 70
29 100

27 3
28 35
29 60
30 90

28 3
29 25
30 55
31 85

29 3
30 30
31 60
32 90

30 3
31 35
32 70
33 100

31 3
32 30
33 60
34 90

32 3
33 25
34 55
35 85

33 3
34 40
35 65
36 95

34 3
35 35
36 60
37 90

35 3
36 25
37 55
38 85

36 3
37 40
38 70
39 100

37 3
38 35
39 60
40 90

38 3
39 25
40 55
41 85

39 3
40 30
41 60
42 90

40 3
41 35
42 70
43 100

41 3
42 30
43 60
44 90

42 3
43 25
44 55
45 85

43 3
44 40
45 65
46 95

44 3
45 35
46 60
47 90

45 3
46 25
47 55
48 85

46 3
47 40
48 70
49 100

47 3
48 35
49 60
1 90

48 3
49 25
1 55
2 85

49 3
1 30
2 60
3 90